%YAML:1.0
cameraMatrix: !!opencv-matrix
   rows: 3
   cols: 3
   dt: d
   data: [ 3.6690518825940399e+02, 0., 2.5040093281114082e+02, 0.,
       3.6539259503196848e+02, 1.9776125137385662e+02, 0., 0., 1. ]
distortionCoefficients: !!opencv-matrix
   rows: 1
   cols: 5
   dt: d
   data: [ 1.0876219162682589e-01, -3.2198472262072070e-01,
       -2.6272539434028458e-03, 5.8445192007441448e-05,
       1.4362766583705330e-01 ]
rotation: !!opencv-matrix
   rows: 3
   cols: 3
   dt: d
   data: [ 1., 0., 0., 0., 1., 0., 0., 0., 1. ]
projection: !!opencv-matrix
   rows: 4
   cols: 4
   dt: d
   data: [ 3.6690518825940399e+02, 0., 2.5040093281114082e+02, 0., 0.,
       3.6539259503196848e+02, 1.9776125137385662e+02, 0., 0., 0., 1.,
       0., 0., 0., 0., 1. ]
nearPlane: 0.5
farPlane: 4.5