%YAML:1.0
cameraMatrix: !!opencv-matrix
   rows: 3
   cols: 3
   dt: d
   data: [ 1.0567003610202669e+03, 0., 9.5721079719211014e+02, 0.,
       1.0590681026618256e+03, 5.2958471671641064e+02, 0., 0., 1. ]
distortionCoefficients: !!opencv-matrix
   rows: 1
   cols: 5
   dt: d
   data: [ 5.9692775946236218e-02, -7.9148675937501065e-02,
       1.4488526527825054e-03, -1.6567722103336417e-03,
       2.7092361836929132e-02 ]
rotation: !!opencv-matrix
   rows: 3
   cols: 3
   dt: d
   data: [ 1., 0., 0., 0., 1., 0., 0., 0., 1. ]
projection: !!opencv-matrix
   rows: 4
   cols: 4
   dt: d
   data: [ 1.0567003610202669e+03, 0., 9.5721079719211014e+02, 0., 0.,
       1.0590681026618256e+03, 5.2958471671641064e+02, 0., 0., 0., 1.,
       0., 0., 0., 0., 1. ]
