%YAML:1.0
rotation: !!opencv-matrix
   rows: 3
   cols: 3
   dt: d
   data: [ 9.9994779727060956e-01, -9.2289173412709695e-03,
       4.3851816797015114e-03, 9.2735137107626091e-03,
       9.9990435558518997e-01, -1.0260683467598484e-02,
       -4.2900672619784969e-03, 1.0300813874346965e-02,
       9.9993774234019872e-01 ]
translation: !!opencv-matrix
   rows: 3
   cols: 1
   dt: d
   data: [ -5.0868859635365200e-02, -6.4472417065389190e-04,
       -5.0879415454554815e-04 ]
essential: !!opencv-matrix
   rows: 3
   cols: 3
   dt: d
   data: [ 7.4842196256625100e-06, 5.0210430754417943e-04,
       -6.4990460740576596e-04, -7.2699842347784260e-04,
       5.2868627430020083e-04, 5.0863461504402289e-02,
       1.7295744701306193e-04, -5.0869944419132208e-02,
       5.2477649969779184e-04 ]
fundamental: !!opencv-matrix
   rows: 3
   cols: 3
   dt: d
   data: [ 5.9590706473842357e-09, 4.0143946865573268e-07,
       -2.7074220418990633e-04, -5.7755513249521809e-07,
       4.2174711958970519e-07, 1.4887069965166923e-02,
       4.4568043411660925e-04, -4.3584924195828281e-02, 1. ]
