%YAML:1.0
cameraMatrix: !!opencv-matrix
   rows: 3
   cols: 3
   dt: d
   data: [ 3.6458562822229089e+02, 0., 2.5111648962742171e+02, 0.,
       3.6374712095741029e+02, 2.0812021878535839e+02, 0., 0., 1. ]
distortionCoefficients: !!opencv-matrix
   rows: 1
   cols: 5
   dt: d
   data: [ 8.4686668007336943e-02, -2.5085174533477972e-01,
       1.9358316571985988e-03, -1.4989138387145507e-03,
       7.8028621478668944e-02 ]
rotation: !!opencv-matrix
   rows: 3
   cols: 3
   dt: d
   data: [ 1., 0., 0., 0., 1., 0., 0., 0., 1. ]
projection: !!opencv-matrix
   rows: 4
   cols: 4
   dt: d
   data: [ 3.6458562822229089e+02, 0., 2.5111648962742171e+02, 0., 0.,
       3.6374712095741029e+02, 2.0812021878535839e+02, 0., 0., 0., 1.,
       0., 0., 0., 0., 1. ]
