%YAML:1.0
cameraMatrix: !!opencv-matrix
   rows: 3
   cols: 3
   dt: d
   data: [ 1.0543477401591344e+03, 0., 9.6931022205661384e+02, 0.,
       1.0498775154573207e+03, 5.2566780637094837e+02, 0., 0., 1. ]
distortionCoefficients: !!opencv-matrix
   rows: 1
   cols: 5
   dt: d
   data: [ 4.9978885802550763e-02, -3.6892539131506349e-02,
       3.5062190332151288e-04, 2.8702233461942788e-03,
       -2.0040191197526761e-02 ]
rotation: !!opencv-matrix
   rows: 3
   cols: 3
   dt: d
   data: [ 1., 0., 0., 0., 1., 0., 0., 0., 1. ]
projection: !!opencv-matrix
   rows: 4
   cols: 4
   dt: d
   data: [ 1.0543477401591344e+03, 0., 9.6931022205661384e+02, 0., 0.,
       1.0498775154573207e+03, 5.2566780637094837e+02, 0., 0., 0., 1.,
       0., 0., 0., 0., 1. ]
