%YAML:1.0
rotation: !!opencv-matrix
   rows: 3
   cols: 3
   dt: d
   data: [ 9.9989808434842997e-01, -1.8792122218799122e-04,
       -1.4275349451214184e-02, 2.9216504021342536e-04,
       9.9997330735745116e-01, 7.3006309446316245e-03,
       1.4273596460924163e-02, -7.3040576541185060e-03,
       9.9987144933029060e-01 ]
translation: !!opencv-matrix
   rows: 3
   cols: 1
   dt: d
   data: [ -5.1895337747082743e-02, 5.0672736647285279e-06,
       1.8102338512785440e-03 ]
essential: !!opencv-matrix
   rows: 3
   cols: 3
   dt: d
   data: [ -4.5655882650709632e-07, -1.8102225430124182e-03,
       -8.1492270083584944e-06, 2.5507824693213211e-03,
       -3.7938672024242305e-04, 5.1862824845845139e-02,
       -2.0228760669997023e-05, -5.1893951571134050e-02,
       -3.7879637153613295e-04 ]
fundamental: !!opencv-matrix
   rows: 3
   cols: 3
   dt: d
   data: [ -3.7289106173445941e-10, -1.4818941358114075e-06,
       3.0607915410674235e-04, 2.0922033366113641e-06,
       -3.1189798736269637e-07, 1.5048610650748816e-02,
       -1.1168620993263925e-03, -4.3190121233417346e-02, 1. ]
